2          10          28          5          16          11
3          23          85          6          40          21
4          55          270          7          96          32
5          131          879          8          224          47
6          307          2896          10          512          59
2          10          28          5          16          14
3          23          85          6          40          19
4          55          270          8          96          28
5          131          879          9          224          44
6          307          2896          9          512          60
2          10          28          5          16          12
3          23          85          6          40          19
4          55          270          8          96          34
5          131          879          8          224          45
6          307          2896          9          512          57
2          10          28          5          16          13
3          23          85          6          40          19
4          55          270          7          96          32
5          131          879          9          224          41
6          307          2896          11          512          56
2          10          28          4          12          8
3          23          85          6          40          20
4          55          270          7          96          29
5          131          879          8          224          47
6          307          2896          10          512          60
2          10          28          5          16          13
3          23          85          6          40          18
4          55          270          7          96          31
5          131          879          9          224          48
6          307          2896          9          512          59
2          10          28          5          16          14
3          23          85          6          40          19
4          55          270          8          96          29
5          131          879          8          224          44
6          307          2896          10          512          60
2          10          28          5          16          14
3          23          85          6          40          21
4          55          270          7          96          33
5          131          879          8          224          45
6          307          2896          11          512          61
2          10          28          5          16          10
3          23          85          6          40          22
4          55          270          7          96          33
5          131          879          8          224          46
6          307          2896          9          512          57
2          10          28          5          16          10
3          23          85          6          40          23
4          55          270          8          96          33
5          131          879          8          224          43
6          307          2896          9          512          57
2          10          28          5          16          14
3          23          85          6          40          23
4          55          270          7          96          31
5          131          879          8          224          46
6          307          2896          9          512          60
2          10          28          5          16          13
3          23          85          6          40          19
4          55          270          8          96          34
5          131          879          8          224          42
